2.2322 0 -4.2504
1.62641 0 -4.74572
0.944705 0 -5.149
0.20734 0 -5.45837
-0.565436 0 -5.67196
-1.35337 0 -5.78791
-2.13621 0 -5.80435
-2.8937 0 -5.71942
-3.60559 0 -5.53124
-4.25163 0 -5.23796
-4.81156 0 -4.8377
-5.26849 0 -4.33226
-5.6189 0 -3.73801
-5.86265 0 -3.07501
-5.99959 0 -2.36329
-6.02956 0 -1.62289
-5.9524 0 -0.873858
-5.76797 0 -0.13623
-5.47612 0 0.569952
-5.07669 0 1.22465
-4.56953 0 1.80782
-3.95827 0 2.30249
-3.26173 0 2.70402
-2.50249 0 3.01079
-1.70316 0 3.22124
-0.886326 0 3.33376
-0.0745881 0 3.34677
0.709459 0 3.25869
1.44322 0 3.06792
2.1041 0 2.77288
2.6695 0 2.37197
3.12096 0 1.86718
3.45653 0 1.27469
3.67841 0 0.614282
3.78879 0 -0.094291
3.78986 0 -0.831262
3.68381 0 -1.57687
3.47282 0 -2.31135
3.1591 0 -3.01494
2.74483 0 -3.66788
